0202
0204
0205
0206
0207
0208
0209
0301
0303
0306
0308
0309
0402
0404
0406
0407
0408
0409
0410
0411
0808
0809
0810
0811
0812
201
202
209
210
214
216
228
234
234(а)
235(а)
235(б)
235(в)
236
240(а)
240(б)
240(в)
240(г)
242
243
244
246
247
249(б)
256
302
305
306
306(а)
307
308
309
310
311
312
313
314
322
323
324
332
333
341
342
343
346/1
346/4
346/5
350
351
355
357(в)
357(ж)
357(з)
405
408
409
410
415
416
417
419
420
421
423
424
431
441
442
443
445
447
449
450
450(в)
455
457
501
501-8
502
504
505
506
508
509
ВНИИИнструмент
ИГ-1
ИГ-2
РГГУ
С/3 СТАНКИН
С/З Фрезер
ТехП 11
ТехП 13
ТехП 14
ТехП 15
ТехП 16
ТехП 20
ТехП 5
ТехП 6
ТехП 7
ТехП 8
ТехП 9
Фрезер
Фрезер 216
Чит.Зал
